////////////////////////////////////
Spatial Complexity: 407858
Spatial Time: 5159.0 MilliSecond
BFS
Node n: 0
null
332
00*0
010
Node n: 1
((1,0)) [0(0,1),0(2,1),0(1,0),0(1,2),0]
33*2
000
010
Node n: 2
((2,0)) [1(0,0),0(2,0),1(1,1),2]
412*
010
010
Node n: 3
((1,0)) [1(2,1),0(1,0),1]
41*1
011
010
Node n: 4
((0,0)) [0(1,1),0(2,0),0(0,0),0]
4*11
011
010
Node n: 5
((0,1)) [3(0,1),0(1,0),3]
111
3*11
010
Node n: 6
((1,1)) [1(1,1),1(0,2),0(0,0),2]
111
12*1
110
Node n: 7
((1,2)) [1(1,2),0(0,1),0(1,0),0(2,1),1]
111
111
12*0
Node n: 8
((1,1)) [0(0,2),1(2,2),0(1,1),1]
111
11*1
111
////////////////////////////////////
Spatial Complexity: 299900
Spatial Time: 2013.0 MilliSecond
DFS
Node n: 0
null
332
00*0
010
Node n: 1
((2,1)) [0(2,1),0(0,1),0(1,2),0(1,0),0]
332
000*
010
Node n: 2
((2,0)) [0(2,0),0(1,1),0(2,2),0]
332*
000
010
Node n: 3
((1,0)) [0(1,0),1(2,1),1]
33*1
001
010
Node n: 4
((0,0)) [1(1,1),1(0,0),0(2,0),2]
4*11
011
010
Node n: 5
((1,0)) [2(1,0),1(0,1),3]
13*1
111
010
Node n: 6
((1,1)) [0(2,0),2(1,1),0(0,0),2]
111
13*1
010
Node n: 7
((1,2)) [0(2,1),2(1,2),0(0,1),0(1,0),2]
111
111
03*0
Node n: 8
((1,1)) [0(1,1),1(0,2),1(2,2),2]
111
11*1
111
////////////////////////////////////
Spatial Complexity: 274594
Spatial Time: 1539.0 MilliSecond
DLS
Node n: 0
null
332
00*0
010
Node n: 1
((1,0)) [0(1,0),0(1,2),0(2,1),0(0,1),0]
33*2
000
010
Node n: 2
((0,0)) [1(1,1),1(2,0),0(0,0),2]
3*13
010
010
Node n: 3
((1,0)) [0(1,0),2(0,1),2]
11*3
210
010
Node n: 4
((2,0)) [0(2,0),0(0,0),0(1,1),0]
113*
210
010
Node n: 5
((2,1)) [2(2,1),0(1,0),2]
111
212*
010
Node n: 6
((1,1)) [0(1,1),1(2,2),0(2,0),1]
111
21*1
011
Node n: 7
((0,1)) [0(1,2),0(0,1),0(1,0),0(2,1),0]
111
2*11
011
Node n: 8
((0,0)) [1(0,2),0(0,0),0(1,1),1]
1*11
111
111
////////////////////////////////////
Spatial Complexity: 231924
Spatial Time: 1292.0 MilliSecond
IDS
Node n: 0
null
332
00*0
010
Node n: 1
((2,1)) [0(2,1),0(1,2),0(1,0),0(0,1),0]
332
000*
010
Node n: 2
((2,0)) [0(2,2),0(2,0),0(1,1),0]
332*
000
010
Node n: 3
((1,0)) [1(2,1),0(1,0),1]
33*1
001
010
Node n: 4
((0,0)) [2(1,1),0(2,0),0(0,0),2]
3*11
021
010
Node n: 5
((1,0)) [0(0,1),2(1,0),2]
13*1
021
010
Node n: 6
((1,1)) [0(2,0),0(0,0),2(1,1),2]
111
04*1
010
Node n: 7
((1,2)) [1(0,1),0(2,1),0(1,0),2(1,2),3]
111
111
03*0
Node n: 8
((0,2)) [1(2,2),0(1,1),1(0,2),2]
111
111
1*11
////////////////////////////////////
Spatial Complexity: 242064
Spatial Time: 1362.0 MilliSecond
UCS
Node n: 0
null
332
00*0
010
Node n: 1
((2,1)) [0(1,2),0(2,1),0(0,1),0(1,0),0]
332
000*
010
Node n: 2
((2,0)) [0(2,2),0(1,1),0(2,0),0]
332*
000
010
Node n: 3
((1,0)) [1(2,1),0(1,0),2]
33*1
001
010
Node n: 4
((0,0)) [2(1,1),0(0,0),0(2,0),4]
3*11
021
010
Node n: 5
((0,1)) [2(0,1),0(1,0),4]
111
2*21
010
Node n: 6
((1,1)) [0(1,1),1(0,2),0(0,0),2]
111
12*1
110
Node n: 7
((1,2)) [0(1,0),0(2,1),0(0,1),1(1,2),2]
111
111
12*0
Node n: 8
((1,1)) [1(2,2),0(1,1),0(0,2),2]
111
11*1
111
////////////////////////////////////
Spatial Complexity: 226939
Spatial Time: 1269.0 MilliSecond
A
Node n: 0
null
332
00*0
010
Node n: 1
((2,1)) [0(1,2),0(1,0),0(2,1),0(0,1),0]
332
000*
010
Node n: 2
((2,0)) [0(2,0),0(2,2),0(1,1),0]
332*
000
010
Node n: 3
((1,0)) [1(2,1),0(1,0),2]
33*1
001
010
Node n: 4
((0,0)) [1(1,1),0(2,0),1(0,0),4]
4*11
011
010
Node n: 5
((0,1)) [3(0,1),0(1,0),6]
111
3*11
010
Node n: 6
((1,1)) [0(0,0),1(1,1),1(0,2),4]
111
12*1
110
Node n: 7
((2,1)) [0(1,0),1(2,1),0(0,1),0(1,2),2]
111
112*
110
Node n: 8
((2,2)) [0(2,0),0(1,1),1(2,2),2]
111
111
111*
